25: 6 54 | 28 122
52: 27 54 | 25 122
44: 118 122 | 30 54
37: 122 97 | 54 98
38: 122 22 | 54 3
77: 54 34 | 122 7
17: 122 124 | 54 47
1: 54 79 | 122 119
13: 122 121 | 54 15
29: 122 3 | 54 97
24: 54 97 | 122 62
80: 122 1 | 54 21
62: 54 54 | 122 54
5: 54 61 | 122 119
28: 54 57 | 122 36
101: 122 48 | 54 44
81: 120 54 | 14 122
14: 54 96 | 122 38
18: 40 122 | 76 54
27: 122 93 | 54 103
4: 123 122 | 90 54
65: 122 87 | 54 22
113: 54 | 122
23: 122 127 | 54 62
117: 71 54 | 119 122
53: 35 54 | 126 122
26: 122 52 | 54 108
125: 54 33 | 122 4
10: 74 122 | 53 54
84: 54 19 | 122 109
123: 122 114 | 54 115
42: 70 122 | 26 54
16: 122 39 | 54 98
63: 98 54 | 51 122
39: 54 122
76: 122 83 | 54 101
61: 122 3 | 54 39
50: 122 85 | 54 95
78: 22 122 | 3 54
114: 122 122
64: 122 122 | 122 54
40: 122 81 | 54 55
92: 127 122 | 97 54
119: 122 51
57: 98 54 | 114 122
3: 113 122 | 54 54
97: 122 113 | 54 122
7: 122 37 | 54 59
74: 54 46 | 122 56
2: 122 67 | 54 50
48: 43 122 | 65 54
124: 54 94 | 122 36
82: 54 98 | 122 64
93: 59 122 | 116 54
96: 115 122 | 97 54
98: 54 54
60: 51 54 | 22 122
72: 122 98 | 54 3
106: 39 54 | 39 122
41: 51 54 | 97 122
31: 18 54 | 69 122
91: 122 62 | 54 127
120: 105 122 | 19 54
56: 60 122 | 78 54
47: 16 122 | 91 54
88: 97 113
30: 22 122 | 115 54
71: 51 54 | 39 122
87: 122 122 | 54 122
21: 122 102 | 54 73
43: 122 22 | 54 127
35: 54 23 | 122 90
51: 113 113
90: 122 62 | 54 87
32: 54 127 | 122 97
115: 122 54 | 54 113
55: 54 84 | 122 89
73: 122 51 | 54 39
36: 22 54 | 114 122
68: 122 87 | 54 98
34: 118 54 | 32 122
95: 54 87
83: 122 117 | 54 20
33: 99 54 | 29 122
19: 122 127 | 54 98
46: 54 112 | 122 79
89: 54 72 | 122 66
110: 54 51 | 122 98
109: 64 54 | 22 122
9: 54 107 | 122 5
12: 54 80 | 122 45
104: 54 100 | 122 32
15: 75 122 | 63 54
69: 122 49 | 54 12
8: 42
75: 97 54 | 3 122
108: 122 77 | 54 125
103: 122 88 | 54 24
111: 3 54 | 39 122
70: 122 58 | 54 10
20: 122 105 | 54 68
0: 8 11
122: "a"
79: 62 54 | 22 122
102: 87 122 | 97 54
105: 98 54 | 98 122
49: 13 54 | 2 122
112: 54 39 | 122 62
58: 9 122 | 17 54
11: 42 31
107: 66 122 | 110 54
86: 54 106 | 122 82
99: 127 122 | 39 54
22: 54 122 | 122 54
118: 54 3 | 122 64
67: 122 59 | 54 111
126: 78 54 | 92 122
121: 54 41 | 122 38
66: 22 113
94: 54 39
6: 88 122 | 29 54
127: 122 54
116: 54 39 | 122 87
59: 54 51
85: 64 122 | 97 54
100: 98 122 | 62 54
54: "b"
45: 86 122 | 104 54

bbabbabaaaaabaaabbaabbab
